bone [0]: 
InvBindPose: 1 0 0 0 0 1 -4.37114e-08 0 0 4.37114e-08 1 0 0 -18.5709 -40.2326 1 
translations (57): 
[0] [0](0, 11.1733, 81.1096)
[1] [1.01875](0, 11.1733, 81.7069)
[2] [2.0375](0, 11.1733, 83.2112)
[3] [3.05625](0, 11.1733, 85.1829)
[4] [4.08125](0, 11.1733, 87.1825)
[5] [5.1](0, 11.1733, 88.7677)
[6] [6.11875](0, 11.1733, 89.5063)
[7] [6.25](0, 11.1733, 89.4478)
[8] [7.1375](0, 11.1733, 89.0524)
[9] [8.1625](0, 11.1733, 87.637)
[10] [9.18125](0, 11.1733, 85.6995)
[11] [10.2](0, 11.1733, 83.6833)
[12] [11.2188](0, 11.1733, 82.0192)
[13] [12.2437](0, 11.1733, 81.1508)
[14] [12.5](0, 11.1733, 81.2276)
[15] [13.2625](0, 11.1733, 81.4562)
[16] [14.2812](0, 11.1733, 82.7758)
[17] [15.3](0, 11.1733, 84.6681)
[18] [16.325](0, 11.1733, 86.702)
[19] [17.3438](0, 11.1733, 88.4345)
[20] [18.3625](0, 11.1733, 89.4259)
[21] [18.75](0, 11.1733, 89.3678)
[22] [19.3875](0, 11.1733, 89.2723)
[23] [20.4062](0, 11.1733, 88.0586)
[24] [21.425](0, 11.1733, 86.2108)
[25] [22.4438](0, 11.1733, 84.1702)
[26] [23.4688](0, 11.1733, 82.3762)
[27] [24.4875](0, 11.1733, 81.2686)
[28] [25](0, 11.1733, 81.268)
[29] [25.5](0, 11.1733, 81.2674)
[30] [26.525](0, 11.1733, 82.3731)
[31] [27.55](0, 11.1733, 84.1661)
[32] [28.5688](0, 11.1733, 86.2067)
[33] [29.5875](0, 11.1733, 88.0553)
[34] [30.6063](0, 11.1733, 89.2708)
[35] [31.25](0, 11.1733, 89.3688)
[36] [31.6313](0, 11.1733, 89.4269)
[37] [32.65](0, 11.1733, 88.4374)
[38] [33.6688](0, 11.1733, 86.706)
[39] [34.6937](0, 11.1733, 84.6723)
[40] [35.7125](0, 11.1733, 82.7793)
[41] [36.7313](0, 11.1733, 81.4581)
[42] [37.5](0, 11.1733, 81.2257)
[43] [37.75](0, 11.1733, 81.1502)
[44] [38.775](0, 11.1733, 82.0165)
[45] [39.7938](0, 11.1733, 83.6794)
[46] [40.8125](0, 11.1733, 85.6953)
[47] [41.8312](0, 11.1733, 87.6334)
[48] [42.8563](0, 11.1733, 89.0503)
[49] [43.75](0, 11.1733, 89.4506)
[50] [43.875](0, 11.1733, 89.5066)
[51] [44.8937](0, 11.1733, 88.7703)
[52] [45.9125](0, 11.1733, 87.1863)
[53] [46.9375](0, 11.1733, 85.1871)
[54] [47.9562](0, 11.1733, 83.2149)
[55] [48.975](0, 11.1733, 81.7092)
[56] [50](0, 11.1733, 81.1096)
rotation (57): 
[0] [0](0, 0, 0, 1)
[1] [1.01875](0.00120967, 0, 0, 0.999999)
[2] [2.0375](0.00425623, 0, 0, 0.999991)
[3] [3.05625](0.00824935, 0, 0, 0.999966)
[4] [4.08125](0.0122987, 0, 0, 0.999924)
[5] [5.1](0.0155088, 0, 0, 0.99988)
[6] [6.11875](0.0170043, 0, 0, 0.999855)
[7] [6.25](0.0167216, 0, 0, 0.99986)
[8] [7.1375](0.0148101, 0, 0, 0.99989)
[9] [8.1625](0.00805862, 0, 0, 0.999968)
[10] [9.18125](-0.00118399, 0, 0, 0.999999)
[11] [10.2](-0.0108018, 0, 0, 0.999942)
[12] [11.2188](-0.0187396, 0, 0, 0.999824)
[13] [12.2437](-0.0228812, 0, 0, 0.999738)
[14] [12.5](-0.0225148, 0, 0, 0.999747)
[15] [13.2625](-0.0214246, 0, 0, 0.99977)
[16] [14.2812](-0.0151307, 0, 0, 0.999885)
[17] [15.3](-0.00610396, 0, 0, 0.999981)
[18] [16.325](0.00359844, 0, 0, 0.999994)
[19] [17.3438](0.0118628, 0, 0, 0.99993)
[20] [18.3625](0.0165918, 0, 0, 0.999862)
[21] [18.75](0.0163149, 0, 0, 0.999867)
[22] [19.3875](0.0158593, 0, 0, 0.999874)
[23] [20.4062](0.0100698, 0, 0, 0.999949)
[24] [21.425](0.00125529, 0, 0, 0.999999)
[25] [22.4438](-0.00847949, 0, 0, 0.999964)
[26] [23.4688](-0.0170366, 0, 0, 0.999855)
[27] [24.4875](-0.0223194, 0, 0, 0.999751)
[28] [25](-0.0223224, 0, 0, 0.999751)
[29] [25.5](-0.0223253, 0, 0, 0.999751)
[30] [26.525](-0.0170513, 0, 0, 0.999855)
[31] [27.55](-0.00849881, 0, 0, 0.999964)
[32] [28.5688](0.00123572, 0, 0, 0.999999)
[33] [29.5875](0.0100541, 0, 0, 0.999949)
[34] [30.6063](0.0158519, 0, 0, 0.999874)
[35] [31.25](0.0164747, 0, 0, 0.999864)
[36] [31.6313](0.0168435, 0, 0, 0.999858)
[37] [32.65](0.0148399, 0, 0, 0.99989)
[38] [33.6688](0.0113338, 0, 0, 0.999936)
[39] [34.6937](0.00721524, 0, 0, 0.999974)
[40] [35.7125](0.0033815, 0, 0, 0.999994)
[41] [36.7313](0.000705752, 0, 0, 1)
[42] [37.5](0.000235209, 0, 0, 1)
[43] [37.75](8.21865e-05, 0, 0, 1)
[44] [38.775](0.00183664, 0, 0, 0.999998)
[45] [39.7938](0.00520451, 0, 0, 0.999986)
[46] [40.8125](0.00928696, 0, 0, 0.999957)
[47] [41.8312](0.0132118, 0, 0, 0.999913)
[48] [42.8563](0.016081, 0, 0, 0.999871)
[49] [43.75](0.0168916, 0, 0, 0.999857)
[50] [43.875](0.017005, 0, 0, 0.999855)
[51] [44.8937](0.0155139, 0, 0, 0.99988)
[52] [45.9125](0.0123064, 0, 0, 0.999924)
[53] [46.9375](0.00825787, 0, 0, 0.999966)
[54] [47.9562](0.00426372, 0, 0, 0.999991)
[55] [48.975](0.00121432, 0, 0, 0.999999)
[56] [50](1.86265e-09, 0, 0, 1)
scale (57): 
[0] [0](1, 1, 1)
[1] [1.01875](1, 1, 1)
[2] [2.0375](1, 1, 1)
[3] [3.05625](1, 1, 1)
[4] [4.08125](1, 1, 1)
[5] [5.1](1, 1, 1)
[6] [6.11875](1, 1, 1)
[7] [6.25](1, 1, 1)
[8] [7.1375](1, 1, 1)
[9] [8.1625](1, 1, 1)
[10] [9.18125](1, 1, 1)
[11] [10.2](1, 1, 1)
[12] [11.2188](1, 1, 1)
[13] [12.2437](1, 1, 1)
[14] [12.5](1, 1, 1)
[15] [13.2625](1, 1, 1)
[16] [14.2812](1, 1, 1)
[17] [15.3](1, 1, 1)
[18] [16.325](1, 1, 1)
[19] [17.3438](1, 1, 1)
[20] [18.3625](1, 1, 1)
[21] [18.75](1, 1, 1)
[22] [19.3875](1, 1, 1)
[23] [20.4062](1, 1, 1)
[24] [21.425](1, 1, 1)
[25] [22.4438](1, 1, 1)
[26] [23.4688](1, 1, 1)
[27] [24.4875](1, 1, 1)
[28] [25](1, 1, 1)
[29] [25.5](1, 1, 1)
[30] [26.525](1, 1, 1)
[31] [27.55](1, 1, 1)
[32] [28.5688](1, 1, 1)
[33] [29.5875](1, 1, 1)
[34] [30.6063](1, 1, 1)
[35] [31.25](1, 1, 1)
[36] [31.6313](1, 1, 1)
[37] [32.65](1, 1, 1)
[38] [33.6688](1, 1, 1)
[39] [34.6937](1, 1, 1)
[40] [35.7125](1, 1, 1)
[41] [36.7313](1, 1, 1)
[42] [37.5](1, 1, 1)
[43] [37.75](1, 1, 1)
[44] [38.775](1, 1, 1)
[45] [39.7938](1, 1, 1)
[46] [40.8125](1, 1, 1)
[47] [41.8312](1, 1, 1)
[48] [42.8563](1, 1, 1)
[49] [43.75](1, 1, 1)
[50] [43.875](1, 1, 1)
[51] [44.8937](1, 1, 1)
[52] [45.9125](1, 1, 1)
[53] [46.9375](1, 1, 1)
[54] [47.9562](1, 1, 1)
[55] [48.975](1, 1, 1)
[56] [50](1, 1, 1)

bone [1]: 
InvBindPose: 1 0 0 0 0 1 -4.37114e-08 0 0 4.37114e-08 1 0 26.8153 -19.97 13.4659 1 
translations (57): 
[0] [0](-26.8153, 1.39907, -53.6985)
[1] [1.01875](-26.8153, 0.290272, -53.6608)
[2] [2.0375](-26.8153, -2.50227, -53.5656)
[3] [3.05625](-26.8153, -6.16251, -53.4409)
[4] [4.08125](-26.8153, -9.87438, -53.3145)
[5] [5.1](-26.8153, -12.8171, -53.2142)
[6] [6.11875](-26.8153, -14.1881, -53.1675)
[7] [6.25](-26.8153, -14.1136, -53.1712)
[8] [7.1375](-26.8153, -13.61, -53.1962)
[9] [8.1625](-26.8153, -11.7029, -53.2857)
[10] [9.18125](-26.8153, -8.89296, -53.4083)
[11] [10.2](-26.8153, -5.60676, -53.5358)
[12] [11.2188](-26.8153, -2.25002, -53.641)
[13] [12.2437](-26.8153, 0.75105, -53.6959)
[14] [12.5](-26.8153, 1.42579, -53.6675)
[15] [13.2625](-26.8153, 3.43355, -53.5829)
[16] [14.2812](-26.8153, 6.52252, -53.1428)
[17] [15.3](-26.8153, 9.68984, -52.5117)
[18] [16.325](-26.8153, 12.5765, -51.8334)
[19] [17.3438](-26.8153, 14.8033, -51.2557)
[20] [18.3625](-26.8153, 15.9976, -50.925)
[21] [18.75](-26.8153, 15.9294, -50.9444)
[22] [19.3875](-26.8153, 15.8171, -50.9762)
[23] [20.4062](-26.8153, 14.335, -51.381)
[24] [21.425](-26.8153, 11.9106, -51.9972)
[25] [22.4438](-26.8153, 8.9184, -52.6778)
[26] [23.4688](-26.8153, 5.73101, -53.2761)
[27] [24.4875](-26.8153, 2.72106, -53.6455)
[28] [25](-26.8153, 1.37706, -53.6673)
[29] [25.5](-26.8153, 0.0658488, -53.6886)
[30] [26.525](-26.8153, -3.06209, -53.6186)
[31] [27.55](-26.8153, -6.44202, -53.5052)
[32] [28.5688](-26.8153, -9.6541, -53.3762)
[33] [29.5875](-26.8153, -12.2785, -53.2593)
[34] [30.6063](-26.8153, -13.8934, -53.1824)
[35] [31.25](-26.8153, -14.0192, -53.1762)
[36] [31.6313](-26.8153, -14.0937, -53.1726)
[37] [32.65](-26.8153, -12.7956, -53.2351)
[38] [33.6688](-26.8153, -10.3846, -53.3446)
[39] [34.6937](-26.8153, -7.28055, -53.4732)
[40] [35.7125](-26.8153, -3.91017, -53.5929)
[41] [36.7313](-26.8153, -0.678788, -53.6765)
[42] [37.5](-26.8153, 1.37075, -53.6829)
[43] [37.75](-26.8153, 2.03726, -53.685)
[44] [38.775](-26.8153, 4.94416, -53.3961)
[45] [39.7938](-26.8153, 8.12204, -52.8415)
[46] [40.8125](-26.8153, 11.1923, -52.1692)
[47] [41.8312](-26.8153, 13.7956, -51.5228)
[48] [42.8563](-26.8153, 15.5528, -51.0503)
[49] [43.75](-26.8153, 16.0234, -50.9168)
[50] [43.875](-26.8153, 16.0892, -50.8981)
[51] [44.8937](-26.8153, 15.0638, -51.1437)
[52] [45.9125](-26.8153, 12.7867, -51.6719)
[53] [46.9375](-26.8153, 9.76354, -52.3386)
[54] [47.9562](-26.8153, 6.51394, -52.9964)
[55] [48.975](-26.8153, 3.5538, -53.4986)
[56] [50](-26.8153, 1.39907, -53.6985)
rotation (57): 
[0] [0](0, 0, 0, 1)
[1] [1.01875](-0.0371907, 0, 0, 0.999308)
[2] [2.0375](-0.130514, 0, 0, 0.991446)
[3] [3.05625](-0.250972, 0, 0, 0.967994)
[4] [4.08125](-0.369262, 0, 0, 0.929325)
[5] [5.1](-0.459064, 0, 0, 0.888403)
[6] [6.11875](-0.499427, 0, 0, 0.866356)
[7] [6.25](-0.496907, 0, 0, 0.867804)
[8] [7.1375](-0.479761, 0, 0, 0.877399)
[9] [8.1625](-0.41487, 0, 0, 0.909881)
[10] [9.18125](-0.318487, 0, 0, 0.947927)
[11] [10.2](-0.206926, 0, 0, 0.978357)
[12] [11.2188](-0.098849, 0, 0, 0.995102)
[13] [12.2437](-0.0149154, 0, 0, 0.999889)
[14] [12.5](-0.0020402, 0, 0, 0.999998)
[15] [13.2625](0.036265, 0, 0, 0.999342)
[16] [14.2812](0.0736945, 0, 0, 0.997281)
[17] [15.3](0.100078, 0, 0, 0.99498)
[18] [16.325](0.117257, 0, 0, 0.993102)
[19] [17.3438](0.126891, 0, 0, 0.991917)
[20] [18.3625](0.130686, 0, 0, 0.991424)
[21] [18.75](0.130501, 0, 0, 0.991448)
[22] [19.3875](0.130195, 0, 0, 0.991488)
[23] [20.4062](0.12512, 0, 0, 0.992142)
[24] [21.425](0.113782, 0, 0, 0.993506)
[25] [22.4438](0.0944761, 0, 0, 0.995527)
[26] [23.4688](0.0654713, 0, 0, 0.997854)
[27] [24.4875](0.0250351, 0, 0, 0.999687)
[28] [25](-0.00398761, 0, 0, 0.999992)
[29] [25.5](-0.0322994, 0, 0, 0.999478)
[30] [26.525](-0.124083, 0, 0, 0.992272)
[31] [27.55](-0.234964, 0, 0, 0.972004)
[32] [28.5688](-0.34461, 0, 0, 0.938746)
[33] [29.5875](-0.434525, 0, 0, 0.90066)
[34] [30.6063](-0.489355, 0, 0, 0.872085)
[35] [31.25](-0.493613, 0, 0, 0.869681)
[36] [31.6313](-0.49613, 0, 0, 0.868248)
[37] [32.65](-0.452131, 0, 0, 0.891952)
[38] [33.6688](-0.369691, 0, 0, 0.929155)
[39] [34.6937](-0.263378, 0, 0, 0.964693)
[40] [35.7125](-0.15115, 0, 0, 0.988511)
[41] [36.7313](-0.0525971, 0, 0, 0.998616)
[42] [37.5](-0.00318669, 0, 0, 0.999995)
[43] [37.75](0.0128893, 0, 0, 0.999917)
[44] [38.775](0.056463, 0, 0, 0.998405)
[45] [39.7938](0.0881751, 0, 0, 0.996105)
[46] [40.8125](0.109718, 0, 0, 0.993963)
[47] [41.8312](0.12291, 0, 0, 0.992418)
[48] [42.8563](0.129413, 0, 0, 0.991591)
[49] [43.75](0.130695, 0, 0, 0.991423)
[50] [43.875](0.130874, 0, 0, 0.991399)
[51] [44.8937](0.125091, 0, 0, 0.992145)
[52] [45.9125](0.111103, 0, 0, 0.993809)
[53] [46.9375](0.09021, 0, 0, 0.995923)
[54] [47.9562](0.0637992, 0, 0, 0.997963)
[55] [48.975](0.0332581, 0, 0, 0.999447)
[56] [50](0, 0, 0, 1)
scale (57): 
[0] [0](1, 1, 1)
[1] [1.01875](1, 1, 1)
[2] [2.0375](1, 1, 1)
[3] [3.05625](1, 1, 1)
[4] [4.08125](1, 1, 1)
[5] [5.1](1, 1, 1)
[6] [6.11875](1, 1, 1)
[7] [6.25](1, 1, 1)
[8] [7.1375](1, 1, 1)
[9] [8.1625](1, 1, 1)
[10] [9.18125](1, 1, 1)
[11] [10.2](1, 1, 1)
[12] [11.2188](1, 1, 1)
[13] [12.2437](1, 1, 1)
[14] [12.5](1, 1, 1)
[15] [13.2625](1, 1, 1)
[16] [14.2812](1, 1, 1)
[17] [15.3](1, 1, 1)
[18] [16.325](1, 1, 1)
[19] [17.3438](1, 1, 1)
[20] [18.3625](1, 1, 1)
[21] [18.75](1, 1, 1)
[22] [19.3875](1, 1, 1)
[23] [20.4062](1, 1, 1)
[24] [21.425](1, 1, 1)
[25] [22.4438](1, 1, 1)
[26] [23.4688](1, 1, 1)
[27] [24.4875](1, 1, 1)
[28] [25](1, 1, 1)
[29] [25.5](1, 1, 1)
[30] [26.525](1, 1, 1)
[31] [27.55](1, 1, 1)
[32] [28.5688](1, 1, 1)
[33] [29.5875](1, 1, 1)
[34] [30.6063](1, 1, 1)
[35] [31.25](1, 1, 1)
[36] [31.6313](1, 1, 1)
[37] [32.65](1, 1, 1)
[38] [33.6688](1, 1, 1)
[39] [34.6937](1, 1, 1)
[40] [35.7125](1, 1, 1)
[41] [36.7313](1, 1, 1)
[42] [37.5](1, 1, 1)
[43] [37.75](1, 1, 1)
[44] [38.775](1, 1, 1)
[45] [39.7938](1, 1, 1)
[46] [40.8125](1, 1, 1)
[47] [41.8312](1, 1, 1)
[48] [42.8563](1, 1, 1)
[49] [43.75](1, 1, 1)
[50] [43.875](1, 1, 1)
[51] [44.8937](1, 1, 1)
[52] [45.9125](1, 1, 1)
[53] [46.9375](1, 1, 1)
[54] [47.9562](1, 1, 1)
[55] [48.975](1, 1, 1)
[56] [50](1, 1, 1)

bone [2]: 
InvBindPose: 1 0 0 0 0 1 -4.37114e-08 0 0 4.37114e-08 1 0 26.8153 -19.97 29.5345 1 
translations (57): 
[0] [0](0, 0, -16.0686)
[1] [1.01875](0, -0.333379, -15.8607)
[2] [2.0375](0, -1.173, -15.337)
[3] [3.05625](0, -2.27351, -14.6507)
[4] [4.08125](0, -3.38954, -13.9546)
[5] [5.1](0, -4.27433, -13.4028)
[6] [6.11875](0, -4.68654, -13.1457)
[7] [6.25](0, -4.66343, -13.1601)
[8] [7.1375](0, -4.50714, -13.2577)
[9] [8.1625](0, -3.91859, -13.6252)
[10] [9.18125](0, -3.05715, -14.1629)
[11] [10.2](0, -2.05949, -14.7854)
[12] [11.2188](0, -1.05586, -15.4112)
[13] [12.2437](0, -0.182803, -15.9549)
[14] [12.5](0, 0.00285293, -16.0702)
[15] [13.2625](0, 0.555293, -16.4134)
[16] [14.2812](0, 1.36738, -16.9167)
[17] [15.3](0, 2.17899, -17.4191)
[18] [16.325](0, 2.90657, -17.869)
[19] [17.3438](0, 3.46146, -18.212)
[20] [18.3625](0, 3.75663, -18.3943)
[21] [18.75](0, 3.73982, -18.3839)
[22] [19.3875](0, 3.71217, -18.3669)
[23] [20.4062](0, 3.34521, -18.1401)
[24] [21.425](0, 2.7396, -17.7658)
[25] [22.4438](0, 1.98276, -17.2976)
[26] [23.4688](0, 1.1617, -16.7893)
[27] [24.4875](0, 0.363413, -16.2943)
[28] [25](0, -0.0123475, -16.0608)
[29] [25.5](0, -0.378943, -15.8329)
[30] [26.525](0, -1.29676, -15.2611)
[31] [27.55](0, -2.3119, -14.628)
[32] [28.5688](0, -3.2898, -14.0177)
[33] [29.5875](0, -4.09588, -13.5145)
[34] [30.6063](0, -4.59494, -13.2029)
[35] [31.25](0, -4.63393, -13.1786)
[36] [31.6313](0, -4.65702, -13.1641)
[37] [32.65](0, -4.25538, -13.4149)
[38] [33.6688](0, -3.51357, -13.8781)
[39] [34.6937](0, -2.56615, -14.4693)
[40] [35.7125](0, -1.54977, -15.1033)
[41] [36.7313](0, -0.594603, -15.6986)
[42] [37.5](0, -0.0124611, -16.0607)
[43] [37.75](0, 0.176853, -16.1785)
[44] [38.775](0, 0.955759, -16.6617)
[45] [39.7938](0, 1.77928, -17.1717)
[46] [40.8125](0, 2.55893, -17.6541)
[47] [41.8312](0, 3.21104, -18.0572)
[48] [42.8563](0, 3.64694, -18.3266)
[49] [43.75](0, 3.76286, -18.3982)
[50] [43.875](0, 3.77908, -18.4082)
[51] [44.8937](0, 3.52117, -18.2487)
[52] [45.9125](0, 2.9464, -17.8932)
[53] [46.9375](0, 2.1793, -17.4187)
[54] [47.9562](0, 1.34781, -16.904)
[55] [48.975](0, 0.579027, -16.4279)
[56] [50](0, 0, -16.0686)
rotation (57): 
[0] [0](0, 0, 0, 1)
[1] [1.01875](-0.0278959, 0, 0, 0.999611)
[2] [2.0375](-0.0980077, 0, 0, 0.995186)
[3] [3.05625](-0.189118, 0, 0, 0.981954)
[4] [4.08125](-0.279872, 0, 0, 0.960037)
[5] [5.1](-0.350126, 0, 0, 0.936702)
[6] [6.11875](-0.382225, 0, 0, 0.924069)
[7] [6.25](-0.379699, 0, 0, 0.92511)
[8] [7.1375](-0.362549, 0, 0, 0.931965)
[9] [8.1625](-0.300189, 0, 0, 0.95388)
[10] [9.18125](-0.212752, 0, 0, 0.977106)
[11] [10.2](-0.119929, 0, 0, 0.992782)
[12] [11.2188](-0.0424748, 0, 0, 0.999098)
[13] [12.2437](-0.00192618, 0, 0, 0.999998)
[14] [12.5](-0.00279935, 0, 0, 0.999996)
[15] [13.2625](-0.00539753, 0, 0, 0.999985)
[16] [14.2812](-0.0259404, 0, 0, 0.999664)
[17] [15.3](-0.0553777, 0, 0, 0.998465)
[18] [16.325](-0.0869631, 0, 0, 0.996212)
[19] [17.3438](-0.1138, 0, 0, 0.993504)
[20] [18.3625](-0.129121, 0, 0, 0.991629)
[21] [18.75](-0.128225, 0, 0, 0.991745)
[22] [19.3875](-0.12675, 0, 0, 0.991935)
[23] [20.4062](-0.107983, 0, 0, 0.994153)
[24] [21.425](-0.0793416, 0, 0, 0.996848)
[25] [22.4438](-0.0476347, 0, 0, 0.998865)
[26] [23.4688](-0.0197205, 0, 0, 0.999806)
[27] [24.4875](-0.00247645, 0, 0, 0.999997)
[28] [25](-0.00495377, 0, 0, 0.999988)
[29] [25.5](-0.00737064, 0, 0, 0.999973)
[30] [26.525](-0.0589855, 0, 0, 0.998259)
[31] [27.55](-0.142284, 0, 0, 0.989826)
[32] [28.5688](-0.23584, 0, 0, 0.971792)
[33] [29.5875](-0.318769, 0, 0, 0.947833)
[34] [30.6063](-0.372038, 0, 0, 0.928218)
[35] [31.25](-0.376284, 0, 0, 0.926504)
[36] [31.6313](-0.378795, 0, 0, 0.925481)
[37] [32.65](-0.335634, 0, 0, 0.941993)
[38] [33.6688](-0.258439, 0, 0, 0.966028)
[39] [34.6937](-0.165645, 0, 0, 0.986185)
[40] [35.7125](-0.0779113, 0, 0, 0.99696)
[41] [36.7313](-0.0162766, 0, 0, 0.999868)
[42] [37.5](-0.00447118, 0, 0, 0.99999)
[43] [37.75](-0.000631809, 0, 0, 1)
[44] [38.775](-0.0141194, 0, 0, 0.9999)
[45] [39.7938](-0.0400014, 0, 0, 0.9992)
[46] [40.8125](-0.0713378, 0, 0, 0.997452)
[47] [41.8312](-0.1014, 0, 0, 0.994846)
[48] [42.8563](-0.12332, 0, 0, 0.992367)
[49] [43.75](-0.129503, 0, 0, 0.991579)
[50] [43.875](-0.130367, 0, 0, 0.991466)
[51] [44.8937](-0.118992, 0, 0, 0.992895)
[52] [45.9125](-0.094472, 0, 0, 0.995528)
[53] [46.9375](-0.0634439, 0, 0, 0.997985)
[54] [47.9562](-0.0327733, 0, 0, 0.999463)
[55] [48.975](-0.00933538, 0, 0, 0.999956)
[56] [50](0, 0, 0, 1)
scale (57): 
[0] [0](1, 1, 1)
[1] [1.01875](1, 1, 1)
[2] [2.0375](1, 1, 1)
[3] [3.05625](1, 1, 1)
[4] [4.08125](1, 1, 1)
[5] [5.1](1, 1, 1)
[6] [6.11875](1, 1, 1)
[7] [6.25](1, 1, 1)
[8] [7.1375](1, 1, 1)
[9] [8.1625](1, 1, 1)
[10] [9.18125](1, 1, 1)
[11] [10.2](1, 1, 1)
[12] [11.2188](1, 1, 1)
[13] [12.2437](1, 1, 1)
[14] [12.5](1, 1, 1)
[15] [13.2625](1, 1, 1)
[16] [14.2812](1, 1, 1)
[17] [15.3](1, 1, 1)
[18] [16.325](1, 1, 1)
[19] [17.3438](1, 1, 1)
[20] [18.3625](1, 1, 1)
[21] [18.75](1, 1, 1)
[22] [19.3875](1, 1, 1)
[23] [20.4062](1, 1, 1)
[24] [21.425](1, 1, 1)
[25] [22.4438](1, 1, 1)
[26] [23.4688](1, 1, 1)
[27] [24.4875](1, 1, 1)
[28] [25](1, 1, 1)
[29] [25.5](1, 1, 1)
[30] [26.525](1, 1, 1)
[31] [27.55](1, 1, 1)
[32] [28.5688](1, 1, 1)
[33] [29.5875](1, 1, 1)
[34] [30.6063](1, 1, 1)
[35] [31.25](1, 1, 1)
[36] [31.6313](1, 1, 1)
[37] [32.65](1, 1, 1)
[38] [33.6688](1, 1, 1)
[39] [34.6937](1, 1, 1)
[40] [35.7125](1, 1, 1)
[41] [36.7313](1, 1, 1)
[42] [37.5](1, 1, 1)
[43] [37.75](1, 1, 1)
[44] [38.775](1, 1, 1)
[45] [39.7938](1, 1, 1)
[46] [40.8125](1, 1, 1)
[47] [41.8312](1, 1, 1)
[48] [42.8563](1, 1, 1)
[49] [43.75](1, 1, 1)
[50] [43.875](1, 1, 1)
[51] [44.8937](1, 1, 1)
[52] [45.9125](1, 1, 1)
[53] [46.9375](1, 1, 1)
[54] [47.9562](1, 1, 1)
[55] [48.975](1, 1, 1)
[56] [50](1, 1, 1)

bone [3]: 
InvBindPose: 1 0 0 0 0 1 -4.37114e-08 0 0 4.37114e-08 1 0 -27.1416 -19.97 13.4659 1 
translations (57): 
[0] [0](27.1416, 1.39907, -53.6985)
[1] [1.01875](27.1416, 2.44117, -53.5008)
[2] [2.0375](27.1416, 5.06571, -53.0028)
[3] [3.05625](27.1416, 8.50574, -52.35)
[4] [4.08125](27.1416, 11.9943, -51.688)
[5] [5.1](27.1416, 14.76, -51.1632)
[6] [6.11875](27.1416, 16.0485, -50.9187)
[7] [6.25](27.1416, 15.9806, -50.9381)
[8] [7.1375](27.1416, 15.521, -51.069)
[9] [8.1625](27.1416, 13.7719, -51.5375)
[10] [9.18125](27.1416, 11.1781, -52.179)
[11] [10.2](27.1416, 8.11696, -52.8465)
[12] [11.2188](27.1416, 4.94614, -53.3974)
[13] [12.2437](27.1416, 2.04236, -53.6849)
[14] [12.5](27.1416, 1.35923, -53.6824)
[15] [13.2625](27.1416, -0.673515, -53.6748)
[16] [14.2812](27.1416, -3.9086, -53.5845)
[17] [15.3](27.1416, -7.28574, -53.455)
[18] [16.325](27.1416, -10.398, -53.3158)
[19] [17.3438](27.1416, -12.8171, -53.1972)
[20] [18.3625](27.1416, -14.1214, -53.1293)
[21] [18.75](27.1416, -14.0467, -53.1333)
[22] [19.3875](27.1416, -13.9239, -53.1399)
[23] [20.4062](27.1416, -12.3071, -53.2229)
[24] [21.425](27.1416, -9.67763, -53.3494)
[25] [22.4438](27.1416, -6.45907, -53.4891)
[26] [23.4688](27.1416, -3.07281, -53.6118)
[27] [24.4875](27.1416, 0.059689, -53.6876)
[28] [25](27.1416, 1.40345, -53.6667)
[29] [25.5](27.1416, 2.71444, -53.6463)
[30] [26.525](27.1416, 5.71864, -53.2802)
[31] [27.55](27.1416, 8.89832, -52.6866)
[32] [28.5688](27.1416, 11.8826, -52.0111)
[33] [29.5875](27.1416, 14.3008, -51.3991)
[34] [30.6063](27.1416, 15.7801, -50.9967)
[35] [31.25](27.1416, 15.8949, -50.9642)
[36] [31.6313](27.1416, 15.9629, -50.945)
[37] [32.65](27.1416, 14.7752, -51.2726)
[38] [33.6688](27.1416, 12.5574, -51.8458)
[39] [34.6937](27.1416, 9.68034, -52.519)
[40] [35.7125](27.1416, 6.52135, -53.1458)
[41] [36.7313](27.1416, 3.43769, -53.5832)
[42] [37.5](27.1416, 1.41447, -53.6681)
[43] [37.75](27.1416, 0.756511, -53.6958)
[44] [38.775](27.1416, -2.24611, -53.6365)
[45] [39.7938](27.1416, -5.60829, -53.5227)
[46] [40.8125](27.1416, -8.90218, -53.3847)
[47] [41.8312](27.1416, -11.7205, -53.252)
[48] [42.8563](27.1416, -13.6349, -53.155)
[49] [43.75](27.1416, -14.1499, -53.1276)
[50] [43.875](27.1416, -14.222, -53.1238)
[51] [44.8937](27.1416, -13.1149, -53.1742)
[52] [45.9125](27.1416, -10.662, -53.2826)
[53] [46.9375](27.1416, -7.41717, -53.4194)
[54] [47.9562](27.1416, -3.94887, -53.5544)
[55] [48.975](27.1416, -0.821881, -53.6575)
[56] [50](27.1416, 1.39907, -53.6985)
rotation (57): 
[0] [0](0, 0, 0, 1)
[1] [1.01875](0.0092997, 0, 0, 0.999957)
[2] [2.0375](0.0327159, 0, 0, 0.999465)
[3] [3.05625](0.0633787, 0, 0, 0.99799)
[4] [4.08125](0.0944129, 0, 0, 0.995533)
[5] [5.1](0.118953, 0, 0, 0.9929)
[6] [6.11875](0.130362, 0, 0, 0.991466)
[7] [6.25](0.130188, 0, 0, 0.991489)
[8] [7.1375](0.129014, 0, 0, 0.991643)
[9] [8.1625](0.122574, 0, 0, 0.992459)
[10] [9.18125](0.109474, 0, 0, 0.99399)
[11] [10.2](0.088039, 0, 0, 0.996117)
[12] [11.2188](0.0564403, 0, 0, 0.998406)
[13] [12.2437](0.0129739, 0, 0, 0.999916)
[14] [12.5](-0.00346796, 0, 0, 0.999994)
[15] [13.2625](-0.0523697, 0, 0, 0.998628)
[16] [14.2812](-0.150792, 0, 0, 0.988565)
[17] [15.3](-0.262935, 0, 0, 0.964814)
[18] [16.325](-0.369216, 0, 0, 0.929344)
[19] [17.3438](-0.451679, 0, 0, 0.89218)
[20] [18.3625](-0.495751, 0, 0, 0.868464)
[21] [18.75](-0.493236, 0, 0, 0.869896)
[22] [19.3875](-0.489088, 0, 0, 0.872234)
[23] [20.4062](-0.434367, 0, 0, 0.900736)
[24] [21.425](-0.344557, 0, 0, 0.938766)
[25] [22.4438](-0.235001, 0, 0, 0.971995)
[26] [23.4688](-0.124182, 0, 0, 0.99226)
[27] [24.4875](-0.0324178, 0, 0, 0.999474)
[28] [25](-0.00340478, 0, 0, 0.999994)
[29] [25.5](0.0249036, 0, 0, 0.99969)
[30] [26.525](0.0652801, 0, 0, 0.997867)
[31] [27.55](0.0942148, 0, 0, 0.995552)
[32] [28.5688](0.113452, 0, 0, 0.993543)
[33] [29.5875](0.124733, 0, 0, 0.99219)
[34] [30.6063](0.129775, 0, 0, 0.991543)
[35] [31.25](0.130086, 0, 0, 0.991503)
[36] [31.6313](0.130269, 0, 0, 0.991479)
[37] [32.65](0.126519, 0, 0, 0.991964)
[38] [33.6688](0.116964, 0, 0, 0.993136)
[39] [34.6937](0.0998869, 0, 0, 0.994999)
[40] [35.7125](0.0736151, 0, 0, 0.997287)
[41] [36.7313](0.0362976, 0, 0, 0.999341)
[42] [37.5](-0.00223307, 0, 0, 0.999997)
[43] [37.75](-0.0147654, 0, 0, 0.999891)
[44] [38.775](-0.0985517, 0, 0, 0.995132)
[45] [39.7938](-0.206519, 0, 0, 0.978443)
[46] [40.8125](-0.318021, 0, 0, 0.948084)
[47] [41.8312](-0.414401, 0, 0, 0.910094)
[48] [42.8563](-0.47934, 0, 0, 0.877629)
[49] [43.75](-0.496752, 0, 0, 0.867893)
[50] [43.875](-0.499172, 0, 0, 0.866503)
[51] [44.8937](-0.463386, 0, 0, 0.886157)
[52] [45.9125](-0.382613, 0, 0, 0.923909)
[53] [46.9375](-0.273681, 0, 0, 0.961821)
[54] [47.9562](-0.157622, 0, 0, 0.9875)
[55] [48.975](-0.0583279, 0, 0, 0.998298)
[56] [50](0, 0, 0, 1)
scale (57): 
[0] [0](1, 1, 1)
[1] [1.01875](1, 1, 1)
[2] [2.0375](1, 1, 1)
[3] [3.05625](1, 1, 1)
[4] [4.08125](1, 1, 1)
[5] [5.1](1, 1, 1)
[6] [6.11875](1, 1, 1)
[7] [6.25](1, 1, 1)
[8] [7.1375](1, 1, 1)
[9] [8.1625](1, 1, 1)
[10] [9.18125](1, 1, 1)
[11] [10.2](1, 1, 1)
[12] [11.2188](1, 1, 1)
[13] [12.2437](1, 1, 1)
[14] [12.5](1, 1, 1)
[15] [13.2625](1, 1, 1)
[16] [14.2812](1, 1, 1)
[17] [15.3](1, 1, 1)
[18] [16.325](1, 1, 1)
[19] [17.3438](1, 1, 1)
[20] [18.3625](1, 1, 1)
[21] [18.75](1, 1, 1)
[22] [19.3875](1, 1, 1)
[23] [20.4062](1, 1, 1)
[24] [21.425](1, 1, 1)
[25] [22.4438](1, 1, 1)
[26] [23.4688](1, 1, 1)
[27] [24.4875](1, 1, 1)
[28] [25](1, 1, 1)
[29] [25.5](1, 1, 1)
[30] [26.525](1, 1, 1)
[31] [27.55](1, 1, 1)
[32] [28.5688](1, 1, 1)
[33] [29.5875](1, 1, 1)
[34] [30.6063](1, 1, 1)
[35] [31.25](1, 1, 1)
[36] [31.6313](1, 1, 1)
[37] [32.65](1, 1, 1)
[38] [33.6688](1, 1, 1)
[39] [34.6937](1, 1, 1)
[40] [35.7125](1, 1, 1)
[41] [36.7313](1, 1, 1)
[42] [37.5](1, 1, 1)
[43] [37.75](1, 1, 1)
[44] [38.775](1, 1, 1)
[45] [39.7938](1, 1, 1)
[46] [40.8125](1, 1, 1)
[47] [41.8312](1, 1, 1)
[48] [42.8563](1, 1, 1)
[49] [43.75](1, 1, 1)
[50] [43.875](1, 1, 1)
[51] [44.8937](1, 1, 1)
[52] [45.9125](1, 1, 1)
[53] [46.9375](1, 1, 1)
[54] [47.9562](1, 1, 1)
[55] [48.975](1, 1, 1)
[56] [50](1, 1, 1)

bone [4]: 
InvBindPose: 1 0 0 0 0 1 -4.37114e-08 0 0 4.37114e-08 1 0 -27.1416 -19.97 29.5345 1 
translations (57): 
[0] [0](0, 0, -16.0686)
[1] [1.01875](0, 0.270807, -16.2329)
[2] [2.0375](0, 0.952843, -16.6466)
[3] [3.05625](0, 1.8468, -17.1888)
[4] [4.08125](0, 2.75336, -17.7387)
[5] [5.1](0, 3.47208, -18.1746)
[6] [6.11875](0, 3.80693, -18.3777)
[7] [6.25](0, 3.78994, -18.3676)
[8] [7.1375](0, 3.67508, -18.2988)
[9] [8.1625](0, 3.23482, -18.0344)
[10] [9.18125](0, 2.57636, -17.638)
[11] [10.2](0, 1.78991, -17.1626)
[12] [11.2188](0, 0.960613, -16.6586)
[13] [12.2437](0, 0.178493, -16.179)
[14] [12.5](0, -0.015226, -16.0585)
[15] [13.2625](0, -0.59166, -15.6997)
[16] [14.2812](0, -1.54209, -15.1025)
[17] [15.3](0, -2.55205, -14.4649)
[18] [16.325](0, -3.49283, -13.8693)
[19] [17.3438](0, -4.22929, -13.4022)
[20] [18.3625](0, -4.62839, -13.1488)
[21] [18.75](0, -4.60549, -13.1634)
[22] [19.3875](0, -4.56783, -13.1873)
[23] [20.4062](0, -4.07366, -13.501)
[24] [21.425](0, -3.27437, -14.0077)
[25] [22.4438](0, -2.30363, -14.6219)
[26] [23.4688](0, -1.29452, -15.2584)
[27] [24.4875](0, -0.380106, -15.832)
[28] [25](0, -0.00425318, -16.065)
[29] [25.5](0, 0.362432, -16.2923)
[30] [26.525](0, 1.16443, -16.7828)
[31] [27.55](0, 1.99175, -17.2848)
[32] [28.5688](0, 2.75587, -17.7462)
[33] [29.5875](0, 3.36828, -18.1146)
[34] [30.6063](0, 3.74001, -18.3377)
[35] [31.25](0, 3.76872, -18.3549)
[36] [31.6313](0, 3.78573, -18.3651)
[37] [32.65](0, 3.48776, -18.1864)
[38] [33.6688](0, 2.92733, -17.8494)
[39] [34.6937](0, 2.19297, -17.4065)
[40] [35.7125](0, 1.3749, -16.9108)
[41] [36.7313](0, 0.558125, -16.4125)
[42] [37.5](0, 0.000290513, -16.0681)
[43] [37.75](0, -0.181119, -15.9561)
[44] [38.775](0, -1.05086, -15.4116)
[45] [39.7938](0, -2.04871, -14.7829)
[46] [40.8125](0, -3.03966, -14.1564)
[47] [41.8312](0, -3.89492, -13.6144)
[48] [42.8563](0, -4.47933, -13.2435)
[49] [43.75](0, -4.63721, -13.1432)
[50] [43.875](0, -4.6593, -13.1292)
[51] [44.8937](0, -4.3242, -13.3414)
[52] [45.9125](0, -3.58341, -13.8102)
[53] [46.9375](0, -2.60675, -14.4278)
[54] [47.9562](0, -1.56853, -15.0834)
[55] [48.975](0, -0.641899, -15.667)
[56] [50](0, 0, -16.0686)
rotation (57): 
[0] [0](0, 0, 0, 1)
[1] [1.01875](-0.00929962, 0, 0, 0.999957)
[2] [2.0375](-0.0327159, 0, 0, 0.999465)
[3] [3.05625](-0.0633788, 0, 0, 0.99799)
[4] [4.08125](-0.0944129, 0, 0, 0.995533)
[5] [5.1](-0.118953, 0, 0, 0.9929)
[6] [6.11875](-0.130362, 0, 0, 0.991466)
[7] [6.25](-0.129459, 0, 0, 0.991585)
[8] [7.1375](-0.123352, 0, 0, 0.992363)
[9] [8.1625](-0.101455, 0, 0, 0.99484)
[10] [9.18125](-0.0714028, 0, 0, 0.997448)
[11] [10.2](-0.0400622, 0, 0, 0.999197)
[12] [11.2188](-0.0141621, 0, 0, 0.9999)
[13] [12.2437](-0.000642061, 0, 0, 1)
[14] [12.5](-0.00455361, 0, 0, 0.99999)
[15] [13.2625](-0.0161922, 0, 0, 0.999869)
[16] [14.2812](-0.0777515, 0, 0, 0.996973)
[17] [15.3](-0.165454, 0, 0, 0.986218)
[18] [16.325](-0.258259, 0, 0, 0.966076)
[19] [17.3438](-0.335505, 0, 0, 0.942038)
[20] [18.3625](-0.378753, 0, 0, 0.925498)
[21] [18.75](-0.376242, 0, 0, 0.926521)
[22] [19.3875](-0.372105, 0, 0, 0.928191)
[23] [20.4062](-0.318914, 0, 0, 0.947784)
[24] [21.425](-0.236027, 0, 0, 0.971746)
[25] [22.4438](-0.142472, 0, 0, 0.989799)
[26] [23.4688](-0.0591307, 0, 0, 0.99825)
[27] [24.4875](-0.00742929, 0, 0, 0.999972)
[28] [25](-0.00491242, 0, 0, 0.999988)
[29] [25.5](-0.0024569, 0, 0, 0.999997)
[30] [26.525](-0.0196721, 0, 0, 0.999807)
[31] [27.55](-0.0475716, 0, 0, 0.998868)
[32] [28.5688](-0.0792779, 0, 0, 0.996853)
[33] [29.5875](-0.107933, 0, 0, 0.994158)
[34] [30.6063](-0.126726, 0, 0, 0.991938)
[35] [31.25](-0.12824, 0, 0, 0.991743)
[36] [31.6313](-0.129136, 0, 0, 0.991627)
[37] [32.65](-0.113845, 0, 0, 0.993499)
[38] [33.6688](-0.0870251, 0, 0, 0.996206)
[39] [34.6937](-0.0554423, 0, 0, 0.998462)
[40] [35.7125](-0.0259938, 0, 0, 0.999662)
[41] [36.7313](-0.00542567, 0, 0, 0.999985)
[42] [37.5](-0.00276175, 0, 0, 0.999996)
[43] [37.75](-0.00189543, 0, 0, 0.999998)
[44] [38.775](-0.0423472, 0, 0, 0.999103)
[45] [39.7938](-0.119748, 0, 0, 0.992804)
[46] [40.8125](-0.212561, 0, 0, 0.977148)
[47] [41.8312](-0.30003, 0, 0, 0.95393)
[48] [42.8563](-0.362459, 0, 0, 0.932)
[49] [43.75](-0.379822, 0, 0, 0.92506)
[50] [43.875](-0.382239, 0, 0, 0.924063)
[51] [44.8937](-0.350237, 0, 0, 0.936661)
[52] [45.9125](-0.280043, 0, 0, 0.959987)
[53] [46.9375](-0.189311, 0, 0, 0.981917)
[54] [47.9562](-0.0981795, 0, 0, 0.995169)
[55] [48.975](-0.0280031, 0, 0, 0.999608)
[56] [50](0, 0, 0, 1)
scale (57): 
[0] [0](1, 1, 1)
[1] [1.01875](1, 1, 1)
[2] [2.0375](1, 1, 1)
[3] [3.05625](1, 1, 1)
[4] [4.08125](1, 1, 1)
[5] [5.1](1, 1, 1)
[6] [6.11875](1, 1, 1)
[7] [6.25](1, 1, 1)
[8] [7.1375](1, 1, 1)
[9] [8.1625](1, 1, 1)
[10] [9.18125](1, 1, 1)
[11] [10.2](1, 1, 1)
[12] [11.2188](1, 1, 1)
[13] [12.2437](1, 1, 1)
[14] [12.5](1, 1, 1)
[15] [13.2625](1, 1, 1)
[16] [14.2812](1, 1, 1)
[17] [15.3](1, 1, 1)
[18] [16.325](1, 1, 1)
[19] [17.3438](1, 1, 1)
[20] [18.3625](1, 1, 1)
[21] [18.75](1, 1, 1)
[22] [19.3875](1, 1, 1)
[23] [20.4062](1, 1, 1)
[24] [21.425](1, 1, 1)
[25] [22.4438](1, 1, 1)
[26] [23.4688](1, 1, 1)
[27] [24.4875](1, 1, 1)
[28] [25](1, 1, 1)
[29] [25.5](1, 1, 1)
[30] [26.525](1, 1, 1)
[31] [27.55](1, 1, 1)
[32] [28.5688](1, 1, 1)
[33] [29.5875](1, 1, 1)
[34] [30.6063](1, 1, 1)
[35] [31.25](1, 1, 1)
[36] [31.6313](1, 1, 1)
[37] [32.65](1, 1, 1)
[38] [33.6688](1, 1, 1)
[39] [34.6937](1, 1, 1)
[40] [35.7125](1, 1, 1)
[41] [36.7313](1, 1, 1)
[42] [37.5](1, 1, 1)
[43] [37.75](1, 1, 1)
[44] [38.775](1, 1, 1)
[45] [39.7938](1, 1, 1)
[46] [40.8125](1, 1, 1)
[47] [41.8312](1, 1, 1)
[48] [42.8563](1, 1, 1)
[49] [43.75](1, 1, 1)
[50] [43.875](1, 1, 1)
[51] [44.8937](1, 1, 1)
[52] [45.9125](1, 1, 1)
[53] [46.9375](1, 1, 1)
[54] [47.9562](1, 1, 1)
[55] [48.975](1, 1, 1)
[56] [50](1, 1, 1)

bone [5]: 
InvBindPose: 1 0 0 0 0 1 -4.37114e-08 0 0 4.37114e-08 1 0 0 35.8644 -40.2326 1 
translations (58): 
[0] [0](0, -54.4353, 0)
[1] [1.01875](0, -54.4353, 0)
[2] [2.0375](0, -54.4353, 0)
[3] [3.05625](0, -54.4353, 7.62939e-06)
[4] [3.125](0, -54.4319, 0.100474)
[5] [4.08125](0, -54.3843, 1.49786)
[6] [5.1](0, -54.2542, 5.31796)
[7] [6.11875](0, -54.1027, 9.76577)
[8] [7.1375](0, -53.9886, 13.1142)
[9] [7.8125](0, -53.9741, 13.5396)
[10] [8.1625](0, -53.9666, 13.7602)
[11] [9.18125](0, -54.0206, 12.175)
[12] [10.2](0, -54.1169, 9.34863)
[13] [11.2188](0, -54.2311, 5.99444)
[14] [12.2437](0, -54.3385, 2.84327)
[15] [13.2625](0, -54.4142, 0.621185)
[16] [14.0625](0, -54.4299, 0.159511)
[17] [14.2812](0, -54.4342, 0.0332718)
[18] [15.3](0, -54.4033, 0.940773)
[19] [16.325](0, -54.3393, 2.81924)
[20] [17.3438](0, -54.2549, 5.2963)
[21] [18.3625](0, -54.1628, 8.00021)
[22] [19.3875](0, -54.0756, 10.5592)
[23] [20.4062](0, -54.0062, 12.5982)
[24] [21.425](0, -53.9668, 13.7543)
[25] [21.875](0, -53.9697, 13.6673)
[26] [22.4438](0, -53.9735, 13.5573)
[27] [23.4688](0, -54.0389, 11.6377)
[28] [24.4875](0, -54.1414, 8.6289)
[29] [25.5](0, -54.256, 5.26384)
[30] [26.525](0, -54.3586, 2.25359)
[31] [27.55](0, -54.4241, 0.330971)
[32] [28.125](0, -54.4265, 0.258115)
[33] [28.5688](0, -54.4285, 0.201889)
[34] [29.5875](0, -54.3694, 1.93514)
[35] [30.6063](0, -54.2704, 4.84126)
[36] [31.6313](0, -54.1557, 8.20725)
[37] [32.65](0, -54.0503, 11.3021)
[38] [33.6688](0, -53.9789, 13.3997)
[39] [34.375](0, -53.9699, 13.6626)
[40] [34.6937](0, -53.9659, 13.7813)
[41] [35.7125](0, -54.018, 12.2504)
[42] [36.7313](0, -54.1135, 9.44675)
[43] [37.75](0, -54.2276, 6.09782)
[44] [38.775](0, -54.3355, 2.92966)
[45] [39.7938](0, -54.4126, 0.66835)
[46] [40.625](0, -54.4301, 0.153644)
[47] [40.8125](0, -54.4341, 0.0375443)
[48] [41.8312](0, -54.389, 1.36073)
[49] [42.8563](0, -54.2975, 4.04566)
[50] [43.875](0, -54.1844, 7.36629)
[51] [44.8937](0, -54.0743, 10.5965)
[52] [45.9125](0, -53.9922, 13.0067)
[53] [46.875](0, -53.9646, 13.8169)
[54] [46.9375](0, -53.9628, 13.8695)
[55] [47.9562](0, -54.0934, 10.0367)
[56] [48.975](0, -54.3169, 3.47726)
[57] [50](0, -54.4353, 0)
rotation (58): 
[0] [0](0, 0, 0, 1)
[1] [1.01875](0, 0, 0, 1)
[2] [2.0375](0, 0, 0, 1)
[3] [3.05625](0, 0, 0, 1)
[4] [3.125](-0.000315688, 0, 0, 1)
[5] [4.08125](-0.0047066, 0, 0, 0.999989)
[6] [5.1](-0.0167095, 0, 0, 0.99986)
[7] [6.11875](-0.0306816, 0, 0, 0.999529)
[8] [7.1375](-0.0411964, 0, 0, 0.999151)
[9] [7.8125](-0.0425321, 0, 0, 0.999095)
[10] [8.1625](-0.0432247, 0, 0, 0.999065)
[11] [9.18125](-0.0382476, 0, 0, 0.999268)
[12] [10.2](-0.0293716, 0, 0, 0.999569)
[13] [11.2188](-0.0188349, 0, 0, 0.999823)
[14] [12.2437](-0.00893414, 0, 0, 0.99996)
[15] [13.2625](-0.00195193, 0, 0, 0.999998)
[16] [14.0625](-0.000501131, 0, 0, 1)
[17] [14.2812](-0.000104427, 0, 0, 1)
[18] [15.3](-0.00295615, 0, 0, 0.999996)
[19] [16.325](-0.00885856, 0, 0, 0.999961)
[20] [17.3438](-0.0166416, 0, 0, 0.999862)
[21] [18.3625](-0.025136, 0, 0, 0.999684)
[22] [19.3875](-0.0331737, 0, 0, 0.99945)
[23] [20.4062](-0.0395762, 0, 0, 0.999217)
[24] [21.425](-0.0432059, 0, 0, 0.999066)
[25] [21.875](-0.0429328, 0, 0, 0.999078)
[26] [22.4438](-0.0425877, 0, 0, 0.999093)
[27] [23.4688](-0.0365603, 0, 0, 0.999331)
[28] [24.4875](-0.0271108, 0, 0, 0.999632)
[29] [25.5](-0.0165395, 0, 0, 0.999863)
[30] [26.525](-0.00708121, 0, 0, 0.999975)
[31] [27.55](-0.00103998, 0, 0, 0.999999)
[32] [28.125](-0.000811082, 0, 0, 1)
[33] [28.5688](-0.000634432, 0, 0, 1)
[34] [29.5875](-0.00608059, 0, 0, 0.999982)
[35] [30.6063](-0.0152119, 0, 0, 0.999884)
[36] [31.6313](-0.0257864, 0, 0, 0.999667)
[37] [32.65](-0.0355064, 0, 0, 0.999369)
[38] [33.6688](-0.0420928, 0, 0, 0.999114)
[39] [34.375](-0.0429183, 0, 0, 0.999079)
[40] [34.6937](-0.0432909, 0, 0, 0.999063)
[41] [35.7125](-0.0384844, 0, 0, 0.999259)
[42] [36.7313](-0.0296797, 0, 0, 0.999559)
[43] [37.75](-0.0191596, 0, 0, 0.999816)
[44] [38.775](-0.00920569, 0, 0, 0.999958)
[45] [39.7938](-0.00210023, 0, 0, 0.999998)
[46] [40.625](-0.000482842, 0, 0, 1)
[47] [40.8125](-0.000118017, 0, 0, 1)
[48] [41.8312](-0.00427579, 0, 0, 0.999991)
[49] [42.8563](-0.0127121, 0, 0, 0.999919)
[50] [43.875](-0.0231446, 0, 0, 0.999732)
[51] [44.8937](-0.0332907, 0, 0, 0.999446)
[52] [45.9125](-0.0408588, 0, 0, 0.999165)
[53] [46.875](-0.0434025, 0, 0, 0.999058)
[54] [46.9375](-0.0435677, 0, 0, 0.99905)
[55] [47.9562](-0.0315325, 0, 0, 0.999503)
[56] [48.975](-0.0109263, 0, 0, 0.99994)
[57] [50](0, 0, 0, 1)
scale (58): 
[0] [0](1, 1, 1)
[1] [1.01875](1, 1, 1)
[2] [2.0375](1, 1, 1)
[3] [3.05625](1, 1, 1)
[4] [3.125](1, 1, 1)
[5] [4.08125](1, 1, 1)
[6] [5.1](1, 1, 1)
[7] [6.11875](1, 1, 1)
[8] [7.1375](1, 1, 1)
[9] [7.8125](1, 1, 1)
[10] [8.1625](1, 1, 1)
[11] [9.18125](1, 1, 1)
[12] [10.2](1, 1, 1)
[13] [11.2188](1, 1, 1)
[14] [12.2437](1, 1, 1)
[15] [13.2625](1, 1, 1)
[16] [14.0625](1, 1, 1)
[17] [14.2812](1, 1, 1)
[18] [15.3](1, 1, 1)
[19] [16.325](1, 1, 1)
[20] [17.3438](1, 1, 1)
[21] [18.3625](1, 1, 1)
[22] [19.3875](1, 1, 1)
[23] [20.4062](1, 1, 1)
[24] [21.425](1, 1, 1)
[25] [21.875](1, 1, 1)
[26] [22.4438](1, 1, 1)
[27] [23.4688](1, 1, 1)
[28] [24.4875](1, 1, 1)
[29] [25.5](1, 1, 1)
[30] [26.525](1, 1, 1)
[31] [27.55](1, 1, 1)
[32] [28.125](1, 1, 1)
[33] [28.5688](1, 1, 1)
[34] [29.5875](1, 1, 1)
[35] [30.6063](1, 1, 1)
[36] [31.6313](1, 1, 1)
[37] [32.65](1, 1, 1)
[38] [33.6688](1, 1, 1)
[39] [34.375](1, 1, 1)
[40] [34.6937](1, 1, 1)
[41] [35.7125](1, 1, 1)
[42] [36.7313](1, 1, 1)
[43] [37.75](1, 1, 1)
[44] [38.775](1, 1, 1)
[45] [39.7938](1, 1, 1)
[46] [40.625](1, 1, 1)
[47] [40.8125](1, 1, 1)
[48] [41.8312](1, 1, 1)
[49] [42.8563](1, 1, 1)
[50] [43.875](1, 1, 1)
[51] [44.8937](1, 1, 1)
[52] [45.9125](1, 1, 1)
[53] [46.875](1, 1, 1)
[54] [46.9375](1, 1, 1)
[55] [47.9562](1, 1, 1)
[56] [48.975](1, 1, 1)
[57] [50](1, 1, 1)

bone [6]: 
InvBindPose: 1 0 0 0 0 1 -4.37114e-08 0 0 4.37114e-08 1 0 0 -61.0034 -76.5082 1 
translations (65): 
[0] [0](0, 42.4325, 36.2756)
[1] [1.01875](0, 42.4325, 36.2756)
[2] [2.0375](0, 42.4325, 36.2756)
[3] [3.05625](0, 42.4325, 36.2756)
[4] [3.90625](0, 42.4277, 36.3022)
[5] [4.08125](0, 42.4267, 36.3077)
[6] [5.1](0, 42.2032, 37.549)
[7] [6.11875](0, 41.7813, 39.8919)
[8] [7.1375](0, 41.3372, 42.3584)
[9] [8.1625](0, 41.0468, 43.9714)
[10] [8.59375](0, 41.0325, 44.0509)
[11] [9.18125](0, 41.013, 44.1593)
[12] [10.2](0, 41.013, 44.1593)
[13] [10.9375](0, 41.055, 43.926)
[14] [11.2188](0, 41.071, 43.837)
[15] [12.2437](0, 41.8443, 39.5424)
[16] [13.2625](0, 42.4323, 36.2768)
[17] [13.2812](0, 42.4323, 36.2767)
[18] [14.2812](0, 42.4325, 36.2756)
[19] [15.3](0, 42.4325, 36.2756)
[20] [16.325](0, 42.4325, 36.2756)
[21] [16.4062](0, 42.4206, 36.3412)
[22] [17.3438](0, 42.2842, 37.0988)
[23] [18.3625](0, 41.8953, 39.259)
[24] [19.3875](0, 41.4403, 41.786)
[25] [20.4062](0, 41.0956, 43.7003)
[26] [21.0938](0, 41.0398, 44.01)
[27] [21.425](0, 41.013, 44.1593)
[28] [22.4438](0, 41.013, 44.1593)
[29] [23.4375](0, 41.0137, 44.1552)
[30] [23.4688](0, 41.0137, 44.1551)
[31] [24.4875](0, 41.6143, 40.8197)
[32] [25.5](0, 42.3792, 36.5714)
[33] [25.7812](0, 42.3938, 36.4902)
[34] [26.525](0, 42.4325, 36.2756)
[35] [27.55](0, 42.4325, 36.2756)
[36] [28.125](0, 42.4121, 36.3887)
[37] [28.5688](0, 42.3964, 36.476)
[38] [29.5875](0, 42.1025, 38.108)
[39] [30.6063](0, 41.6584, 40.5744)
[40] [31.6313](0, 41.238, 42.9096)
[41] [32.65](0, 41.0178, 44.1322)
[42] [32.8125](0, 41.0171, 44.1365)
[43] [33.6688](0, 41.013, 44.1593)
[44] [34.6937](0, 41.013, 44.1593)
[45] [35.1562](0, 41.1046, 43.6502)
[46] [35.7125](0, 41.2149, 43.0378)
[47] [36.7313](0, 42.0762, 38.2544)
[48] [37.5](0, 42.345, 36.7612)
[49] [37.75](0, 42.4325, 36.2756)
[50] [38.775](0, 42.4325, 36.2756)
[51] [39.7938](0, 42.4325, 36.2756)
[52] [40.625](0, 42.4269, 36.3063)
[53] [40.8125](0, 42.4257, 36.3132)
[54] [41.8312](0, 42.1974, 37.5811)
[55] [42.8563](0, 41.7738, 39.9338)
[56] [43.875](0, 41.3308, 42.3942)
[57] [44.8937](0, 41.0443, 43.9852)
[58] [45.3125](0, 41.0314, 44.0567)
[59] [45.9125](0, 41.013, 44.1593)
[60] [46.9375](0, 41.013, 44.1593)
[61] [47.6562](0, 41.0586, 43.9059)
[62] [47.9562](0, 41.0776, 43.8001)
[63] [48.975](0, 41.8592, 39.4596)
[64] [50](0, 42.4325, 36.2756)
rotation (65): 
[0] [0](0, 0, 0, 1)
[1] [1.01875](0, 0, 0, 1)
[2] [2.0375](0, 0, 0, 1)
[3] [3.05625](0, 0, 0, 1)
[4] [3.90625](0.00014753, 0, 0, 1)
[5] [4.08125](0.000177904, 0, 0, 1)
[6] [5.1](0.00704813, 0, 0, 0.999975)
[7] [6.11875](0.0200136, 0, 0, 0.9998)
[8] [7.1375](0.0336596, 0, 0, 0.999433)
[9] [8.1625](0.0425804, 0, 0, 0.999093)
[10] [8.59375](0.0430202, 0, 0, 0.999074)
[11] [9.18125](0.0436194, 0, 0, 0.999048)
[12] [10.2](0.0436194, 0, 0, 0.999048)
[13] [10.9375](0.0423294, 0, 0, 0.999104)
[14] [11.2188](0.0418374, 0, 0, 0.999124)
[15] [12.2437](0.0180796, 0, 0, 0.999837)
[16] [13.2625](6.59004e-06, 0, 0, 1)
[17] [13.2812](6.46875e-06, 0, 0, 1)
[18] [14.2812](0, 0, 0, 1)
[19] [15.3](0, 0, 0, 1)
[20] [16.325](0, 0, 0, 1)
[21] [16.4062](0.000363401, 0, 0, 1)
[22] [17.3438](0.00455647, 0, 0, 0.99999)
[23] [18.3625](0.0165113, 0, 0, 0.999864)
[24] [19.3875](0.0304936, 0, 0, 0.999535)
[25] [20.4062](0.0410812, 0, 0, 0.999156)
[26] [21.0938](0.0427941, 0, 0, 0.999084)
[27] [21.425](0.0436194, 0, 0, 0.999048)
[28] [22.4438](0.0436194, 0, 0, 0.999048)
[29] [23.4375](0.0435971, 0, 0, 0.999049)
[30] [23.4688](0.0435964, 0, 0, 0.999049)
[31] [24.4875](0.0251475, 0, 0, 0.999684)
[32] [25.5](0.00163712, 0, 0, 0.999999)
[33] [25.7812](0.00118791, 0, 0, 0.999999)
[34] [26.525](0, 0, 0, 1)
[35] [27.55](0, 0, 0, 1)
[36] [28.125](0.000625968, 0, 0, 1)
[37] [28.5688](0.00110905, 0, 0, 0.999999)
[38] [29.5875](0.0101417, 0, 0, 0.999949)
[39] [30.6063](0.02379, 0, 0, 0.999717)
[40] [31.6313](0.0367089, 0, 0, 0.999326)
[41] [32.65](0.0434697, 0, 0, 0.999055)
[42] [32.8125](0.0434936, 0, 0, 0.999054)
[43] [33.6688](0.0436194, 0, 0, 0.999048)
[44] [34.6937](0.0436194, 0, 0, 0.999048)
[45] [35.1562](0.0408042, 0, 0, 0.999167)
[46] [35.7125](0.0374179, 0, 0, 0.9993)
[47] [36.7313](0.0109518, 0, 0, 0.99994)
[48] [37.5](0.00268761, 0, 0, 0.999996)
[49] [37.75](0, 0, 0, 1)
[50] [38.775](0, 0, 0, 1)
[51] [39.7938](0, 0, 0, 1)
[52] [40.625](0.00017, 0, 0, 1)
[53] [40.8125](0.000208346, 0, 0, 1)
[54] [41.8312](0.00722561, 0, 0, 0.999974)
[55] [42.8563](0.0202456, 0, 0, 0.999795)
[56] [43.875](0.0338579, 0, 0, 0.999427)
[57] [44.8937](0.0426567, 0, 0, 0.99909)
[58] [45.3125](0.0430524, 0, 0, 0.999073)
[59] [45.9125](0.0436194, 0, 0, 0.999048)
[60] [46.9375](0.0436194, 0, 0, 0.999048)
[61] [47.6562](0.0422183, 0, 0, 0.999108)
[62] [47.9562](0.0416335, 0, 0, 0.999133)
[63] [48.975](0.0176212, 0, 0, 0.999845)
[64] [50](0, 0, 0, 1)
scale (65): 
[0] [0](1, 1, 1)
[1] [1.01875](1, 1, 1)
[2] [2.0375](1, 1, 1)
[3] [3.05625](1, 1, 1)
[4] [3.90625](1, 1, 1)
[5] [4.08125](1, 1, 1)
[6] [5.1](1, 1, 1)
[7] [6.11875](1, 1, 1)
[8] [7.1375](1, 1, 1)
[9] [8.1625](1, 1, 1)
[10] [8.59375](1, 1, 1)
[11] [9.18125](1, 1, 1)
[12] [10.2](1, 1, 1)
[13] [10.9375](1, 1, 1)
[14] [11.2188](1, 1, 1)
[15] [12.2437](1, 1, 1)
[16] [13.2625](1, 1, 1)
[17] [13.2812](1, 1, 1)
[18] [14.2812](1, 1, 1)
[19] [15.3](1, 1, 1)
[20] [16.325](1, 1, 1)
[21] [16.4062](1, 1, 1)
[22] [17.3438](1, 1, 1)
[23] [18.3625](1, 1, 1)
[24] [19.3875](1, 1, 1)
[25] [20.4062](1, 1, 1)
[26] [21.0938](1, 1, 1)
[27] [21.425](1, 1, 1)
[28] [22.4438](1, 1, 1)
[29] [23.4375](1, 1, 1)
[30] [23.4688](1, 1, 1)
[31] [24.4875](1, 1, 1)
[32] [25.5](1, 1, 1)
[33] [25.7812](1, 1, 1)
[34] [26.525](1, 1, 1)
[35] [27.55](1, 1, 1)
[36] [28.125](1, 1, 1)
[37] [28.5688](1, 1, 1)
[38] [29.5875](1, 1, 1)
[39] [30.6063](1, 1, 1)
[40] [31.6313](1, 1, 1)
[41] [32.65](1, 1, 1)
[42] [32.8125](1, 1, 1)
[43] [33.6688](1, 1, 1)
[44] [34.6937](1, 1, 1)
[45] [35.1562](1, 1, 1)
[46] [35.7125](1, 1, 1)
[47] [36.7313](1, 1, 1)
[48] [37.5](1, 1, 1)
[49] [37.75](1, 1, 1)
[50] [38.775](1, 1, 1)
[51] [39.7938](1, 1, 1)
[52] [40.625](1, 1, 1)
[53] [40.8125](1, 1, 1)
[54] [41.8312](1, 1, 1)
[55] [42.8563](1, 1, 1)
[56] [43.875](1, 1, 1)
[57] [44.8937](1, 1, 1)
[58] [45.3125](1, 1, 1)
[59] [45.9125](1, 1, 1)
[60] [46.9375](1, 1, 1)
[61] [47.6562](1, 1, 1)
[62] [47.9562](1, 1, 1)
[63] [48.975](1, 1, 1)
[64] [50](1, 1, 1)

bone [7]: 
InvBindPose: 1 0 0 0 0 1 -4.37114e-08 0 0 4.37114e-08 1 0 0 -18.5709 -140.504 1 
translations (68): 
[0] [0](0, 0, 100.272)
[1] [1.01875](0, 9.53674e-07, 100.272)
[2] [2.0375](0, 0, 100.272)
[3] [3.05625](0, 0, 100.272)
[4] [4.08125](0, -9.53674e-07, 100.272)
[5] [5.1](0, -9.53674e-07, 100.272)
[6] [5.46875](-0.0629027, 0.0057317, 100.44)
[7] [6.11875](-0.173782, 0.0158367, 100.737)
[8] [7.1375](-0.919564, 0.0837965, 102.731)
[9] [8.1625](-1.80285, 0.164288, 105.094)
[10] [9.18125](-2.32269, 0.211658, 106.485)
[11] [9.375](-2.27442, 0.207259, 106.356)
[12] [10.2](-2.06886, 0.188527, 105.806)
[13] [11.2188](-1.26392, 0.115177, 103.653)
[14] [12.2437](-0.407361, 0.0371222, 101.361)
[15] [13.2625](-0.000127554, 1.19209e-05, 100.272)
[16] [13.2812](-0.000125206, 1.17015e-05, 100.272)
[17] [14.2812](0, 0, 100.272)
[18] [15.3](0, 0, 100.272)
[19] [16.325](0, -9.53674e-07, 100.272)
[20] [17.3438](0, 9.53674e-07, 100.272)
[21] [17.9688](-0.0416382, 0.003794, 100.383)
[22] [18.3625](-0.0678703, 0.00618362, 100.453)
[23] [19.3312](1.41461, 0.0607579, 102.055)
[24] [19.3875](1.49026, 0.0639267, 102.148)
[25] [20.3312](2.75962, 0.139408, 104.364)
[26] [20.4062](2.8605, 0.145407, 104.54)
[27] [21.3312](3.30297, 0.199862, 106.139)
[28] [21.425](3.34781, 0.205381, 106.301)
[29] [21.875](3.37033, 0.20333, 106.24)
[30] [22.3312](3.39316, 0.20125, 106.179)
[31] [22.4438](3.39879, 0.200737, 106.164)
[32] [23.3312](3.02535, 0.144387, 104.51)
[33] [23.4688](2.9675, 0.135656, 104.254)
[34] [24.3312](1.92023, 0.0669506, 102.237)
[35] [24.4875](1.7305, 0.0545039, 101.872)
[36] [24.6625](1.51801, 0.045598, 101.61)
[37] [25.5](-0.0326575, 0.00297689, 100.359)
[38] [25.7812](-0.0236966, 0.00216006, 100.335)
[39] [26.525](0, 0, 100.272)
[40] [27.55](0, 0, 100.272)
[41] [28.5688](0, 0, 100.272)
[42] [29.5875](0, 9.53674e-07, 100.272)
[43] [30.4688](-0.00779069, 0.000710417, 100.293)
[44] [30.6063](-0.00900626, 0.000821114, 100.296)
[45] [31.6313](-0.498175, 0.0453968, 101.604)
[46] [32.65](-1.37533, 0.125328, 103.951)
[47] [33.6688](-2.13952, 0.194965, 105.995)
[48] [34.375](-2.24655, 0.204719, 106.281)
[49] [34.6937](-2.29485, 0.209121, 106.41)
[50] [35.7125](-1.70415, 0.155293, 104.83)
[51] [36.7313](-0.810785, 0.073884, 102.44)
[52] [37.75](-0.116268, 0.0105944, 100.583)
[53] [38.2812](-0.056007, 0.00510338, 100.421)
[54] [38.775](0, 0, 100.272)
[55] [39.7938](0, 0, 100.272)
[56] [40.8125](0, 9.53674e-07, 100.272)
[57] [41.8312](0, 0, 100.272)
[58] [42.1875](-0.0633235, 0.00577039, 100.441)
[59] [42.8563](-0.182194, 0.0166025, 100.759)
[60] [43.875](-0.934244, 0.0851336, 102.771)
[61] [44.8937](-1.81562, 0.16545, 105.128)
[62] [45.9125](-2.32505, 0.211871, 106.491)
[63] [46.0938](-2.27797, 0.207581, 106.365)
[64] [46.9375](-2.05879, 0.187608, 105.779)
[65] [47.9562](-1.24899, 0.113815, 103.613)
[66] [48.975](-0.395741, 0.0360622, 101.33)
[67] [50](0, 9.53674e-07, 100.272)
rotation (68): 
[0] [0](0, 0, 0, 1)
[1] [1.01875](0, 0, 0, 1)
[2] [2.0375](0, 0, 0, 1)
[3] [3.05625](0, 0, 0, 1)
[4] [4.08125](0, 0, 0, 1)
[5] [5.1](0, 0, 0, 1)
[6] [5.46875](-6.88715e-06, -0.00234543, 8.07051e-05, 0.999997)
[7] [6.11875](-1.81049e-05, -0.0064797, 0.00022288, 0.999979)
[8] [7.1375](-6.27209e-05, -0.0342811, 0.00117583, 0.999412)
[9] [8.1625](-4.65521e-05, -0.0671725, 0.00229475, 0.997739)
[10] [9.18125](-1.79262e-06, -0.0864982, 0.00294695, 0.996248)
[11] [9.375](-7.04954e-06, -0.0847048, 0.00288661, 0.996402)
[12] [10.2](-2.69272e-05, -0.0770651, 0.00262913, 0.997023)
[13] [11.2188](-6.52899e-05, -0.0471105, 0.00161349, 0.998888)
[14] [12.2437](-3.78311e-05, -0.0151886, 0.000522003, 0.999884)
[15] [13.2625](7.80603e-13, -4.76837e-06, 1.63704e-07, 1)
[16] [13.2812](7.52133e-13, -4.68061e-06, 1.60691e-07, 1)
[17] [14.2812](0, 0, 0, 1)
[18] [15.3](0, 0, 0, 1)
[19] [16.325](0, 0, 0, 1)
[20] [17.3438](0, 0, 0, 1)
[21] [17.9688](-4.59765e-06, -0.0015525, 5.34262e-05, 0.999999)
[22] [18.3625](-7.40897e-06, -0.00253057, 8.70771e-05, 0.999997)
[23] [19.3312](-0.000122535, 0.0559501, 0.000858472, 0.998433)
[24] [19.3875](-0.000130846, 0.0580953, 0.000903303, 0.998311)
[25] [20.3312](-0.00035552, 0.0940389, 0.00197065, 0.995567)
[26] [20.4062](-0.000373126, 0.095174, 0.00205542, 0.995458)
[27] [21.3312](-0.000551935, 0.109162, 0.00282461, 0.99402)
[28] [21.425](-0.000567688, 0.109339, 0.00290261, 0.994)
[29] [21.875](-0.000564427, 0.110189, 0.00287355, 0.993906)
[30] [22.3312](-0.000561071, 0.111051, 0.00284409, 0.99381)
[31] [22.4438](-0.000555536, 0.109585, 0.00283694, 0.993973)
[32] [23.3312](-0.000376307, 0.0980099, 0.00204096, 0.995183)
[33] [23.4688](-0.000343624, 0.0927632, 0.00191764, 0.995686)
[34] [24.3312](-0.000138789, 0.0597993, 0.000946081, 0.99821)
[35] [24.4875](-0.000106788, 0.0516499, 0.00077, 0.998665)
[36] [24.6625](-8.34832e-05, 0.0425186, 0.000643943, 0.999095)
[37] [25.5](-3.52525e-06, -0.0012176, 4.19044e-05, 0.999999)
[38] [25.7812](-2.56811e-06, -0.000883505, 3.04071e-05, 1)
[39] [26.525](0, 0, 0, 1)
[40] [27.55](0, 0, 0, 1)
[41] [28.5688](0, 0, 0, 1)
[42] [29.5875](0, 0, 0, 1)
[43] [30.4688](-8.22052e-07, -0.000290591, 9.9974e-06, 1)
[44] [30.6063](-9.49792e-07, -0.000335932, 1.15572e-05, 1)
[45] [31.6313](-4.39058e-05, -0.0185744, 0.000638152, 0.999827)
[46] [32.65](-6.35841e-05, -0.0512596, 0.00175471, 0.998684)
[47] [33.6688](-2.05223e-05, -0.0796918, 0.00271773, 0.996816)
[48] [34.375](-9.98167e-06, -0.0836693, 0.00285175, 0.99649)
[49] [34.6937](-4.86389e-06, -0.0854639, 0.00291216, 0.996337)
[50] [35.7125](-5.19571e-05, -0.0635001, 0.00217035, 0.997979)
[51] [36.7313](-5.95839e-05, -0.0302272, 0.00103724, 0.999543)
[52] [37.75](-1.24661e-05, -0.00433515, 0.000149146, 0.999991)
[53] [38.2812](-6.16653e-06, -0.00208828, 7.18595e-05, 0.999998)
[54] [38.775](0, 0, 0, 1)
[55] [39.7938](0, 0, 0, 1)
[56] [40.8125](0, 0, 0, 1)
[57] [41.8312](0, 0, 0, 1)
[58] [42.1875](-6.9345e-06, -0.00236115, 8.12448e-05, 0.999997)
[59] [42.8563](-1.89152e-05, -0.00679345, 0.000233661, 0.999977)
[60] [43.875](-6.30852e-05, -0.0348282, 0.00119452, 0.999393)
[61] [44.8937](-4.57654e-05, -0.0676476, 0.00231083, 0.997707)
[62] [45.9125](-1.50506e-06, -0.0865858, 0.0029499, 0.99624)
[63] [46.0938](-6.63804e-06, -0.0848367, 0.00289105, 0.996391)
[64] [46.9375](-2.77294e-05, -0.076691, 0.00261651, 0.997052)
[65] [47.9562](-6.54206e-05, -0.0465543, 0.00159454, 0.998914)
[66] [48.975](-3.68475e-05, -0.0147555, 0.000507137, 0.999891)
[67] [50](0, 0, 0, 1)
scale (68): 
[0] [0](1, 1, 1)
[1] [1.01875](1, 1, 1)
[2] [2.0375](1, 1, 1)
[3] [3.05625](1, 1, 1)
[4] [4.08125](1, 1, 1)
[5] [5.1](1, 1, 1)
[6] [5.46875](1, 1, 1)
[7] [6.11875](1, 1, 1)
[8] [7.1375](1, 1, 1)
[9] [8.1625](1, 1, 1)
[10] [9.18125](1, 1, 1)
[11] [9.375](1, 1, 1)
[12] [10.2](1, 1, 1)
[13] [11.2188](1, 1, 1)
[14] [12.2437](1, 1, 1)
[15] [13.2625](1, 1, 1)
[16] [13.2812](1, 1, 1)
[17] [14.2812](1, 1, 1)
[18] [15.3](1, 1, 1)
[19] [16.325](1, 1, 1)
[20] [17.3438](1, 1, 1)
[21] [17.9688](1, 1, 1)
[22] [18.3625](1, 1, 1)
[23] [19.3312](1, 1, 1)
[24] [19.3875](1, 1, 1)
[25] [20.3312](1, 1, 1)
[26] [20.4062](1, 1, 1)
[27] [21.3312](1, 1, 1)
[28] [21.425](1, 1, 1)
[29] [21.875](1, 1, 1)
[30] [22.3312](1, 1, 1)
[31] [22.4438](1, 1, 1)
[32] [23.3312](1, 1, 1)
[33] [23.4688](1, 1, 1)
[34] [24.3312](1, 1, 1)
[35] [24.4875](1, 1, 1)
[36] [24.6625](1, 1, 1)
[37] [25.5](1, 1, 1)
[38] [25.7812](1, 1, 1)
[39] [26.525](1, 1, 1)
[40] [27.55](1, 1, 1)
[41] [28.5688](1, 1, 1)
[42] [29.5875](1, 1, 1)
[43] [30.4688](1, 1, 1)
[44] [30.6063](1, 1, 1)
[45] [31.6313](1, 1, 1)
[46] [32.65](1, 1, 1)
[47] [33.6688](1, 1, 1)
[48] [34.375](1, 1, 1)
[49] [34.6937](1, 1, 1)
[50] [35.7125](1, 1, 1)
[51] [36.7313](1, 1, 1)
[52] [37.75](1, 1, 1)
[53] [38.2812](1, 1, 1)
[54] [38.775](1, 1, 1)
[55] [39.7938](1, 1, 1)
[56] [40.8125](1, 1, 1)
[57] [41.8312](1, 1, 1)
[58] [42.1875](1, 1, 1)
[59] [42.8563](1, 1, 1)
[60] [43.875](1, 1, 1)
[61] [44.8937](1, 1, 1)
[62] [45.9125](1, 1, 1)
[63] [46.0938](1, 1, 1)
[64] [46.9375](1, 1, 1)
[65] [47.9562](1, 1, 1)
[66] [48.975](1, 1, 1)
[67] [50](1, 1, 1)


